# 優加法的で、カーネルが 1 点でないゲーム
6 番目の生成で発見 (5 人)。縮小で 13 回変形し 5 人に。
元の値 (辞書式順): [0.0, 1.0, 10.0, 0.0, 8.0, 5.0, 20.0, 12.0, 8.0, 15.0, 3.0, 11.0, 10.0, 18.0, 8.0, 21.0, 13.0, 13.0, 22.0, 28.0, 20.0, 15.0, 23.0, 23.0, 18.0, 27.0, 31.0, 26.0, 30.0, 33.0, 45.0]
縮小した値 (辞書式順): [0.0, 0.0, 0.0, 0.0, 0.0, 0.0, 0.0, 12.0, 0.0, 15.0, 0.0, 0.0, 0.0, 0.0, 0.0, 21.0, 13.0, 0.0, 22.0, 28.0, 20.0, 15.0, 23.0, 23.0, 0.0, 27.0, 31.0, 26.0, 30.0, 33.0, 45.0]

# 凸と仮定した手法が誤った配分を返すゲーム
21 番目の生成で発見 (5 人)。縮小で 25 回変形し 3 人に。
元の値 (辞書式順): [5.0, 3.0, 3.0, 4.0, 9.0, 8.0, 14.0, 9.0, 17.0, 10.0, 19.0, 12.0, 10.0, 12.0, 13.0, 17.0, 24.0, 20.0, 18.0, 29.0, 21.0, 22.0, 30.0, 28.0, 19.0, 33.0, 35.0, 36.0, 33.0, 34.0, 48.0]
縮小した値 (辞書式順): [0.0, 0.0, 0.0, 0.0, 1.0, 0.0, 0.0]

